Generation,elite average,elite clones,elite diversity,elite max,elite parentsAvg,roulette average,roulette clones,roulette diversity,roulette max,roulette parentsAvg,squared average,squared clones,squared diversity,squared max,squared parentsAvg,
0,27.259,0.0,0.4,32.556,29.855,27.259,0.0,0.4,32.556,28.257,27.259,0.0,0.4,32.556,28.005
1,31.700,6.0,0.3333,33.503,29.855,31.811,6.0,0.35,34.548,27.267,31.468,6.0,0.3833,36.056,29.130
2,31.932,6.0,0.35,42.929,29.855,32.007,6.0,0.325,40.707,26.919,31.484,6.0,0.3166,36.541,28.276
3,31.994,6.0,0.3333,35.246,29.855,31.898,6.0,0.325,38.807,27.191,32.930,6.0,0.3166,37.250,28.558
4,32.769,6.0,0.3166,43.708,29.855,32.181,6.0,0.3083,42.356,27.072,32.850,6.0,0.3583,41.880,27.976
5,31.950,6.0,0.3333,38.760,29.855,31.066,6.0,0.3416,32.556,28.048,32.076,6.0,0.3,36.412,28.316
6,31.271,6.0,0.3666,35.113,29.855,30.872,6.0,0.3416,32.556,26.902,30.938,6.0,0.325,32.556,27.806
7,31.536,6.0,0.3,33.751,29.855,31.250,6.0,0.325,32.556,28.780,31.352,6.0,0.3416,34.679,28.990
8,31.413,6.0,0.3333,32.679,29.855,31.465,6.0,0.3166,34.056,28.928,31.549,6.0,0.3166,36.002,29.742
9,32.545,6.0,0.3416,43.783,29.855,31.874,6.0,0.35,35.082,27.536,31.903,6.0,0.325,36.589,28.439
10,31.381,6.0,0.325,33.759,29.855,31.667,6.0,0.3416,35.228,29.887,31.800,6.0,0.3166,38.096,30.653
11,32.057,6.0,0.3666,35.227,29.855,31.262,6.0,0.3333,33.858,27.860,31.783,6.0,0.325,35.205,29.973
12,31.684,6.0,0.3416,37.166,29.855,31.505,6.0,0.3333,38.559,27.035,31.804,6.0,0.35,43.078,28.649
13,31.496,6.0,0.3583,35.371,29.855,31.367,6.0,0.3416,32.556,26.265,32.573,6.0,0.3416,41.685,26.265
14,32.012,6.0,0.3333,34.523,29.855,31.156,6.0,0.3333,32.556,27.922,31.300,6.0,0.3583,32.556,28.680
15,32.515,6.0,0.325,39.592,29.855,32.359,6.0,0.3416,37.530,29.292,32.751,6.0,0.325,41.071,29.873
16,32.106,6.0,0.3583,36.278,29.855,31.387,6.0,0.3,33.505,25.811,31.700,6.0,0.3333,34.373,28.093
17,31.990,6.0,0.325,39.479,29.855,31.395,6.0,0.3,34.614,28.612,31.953,6.0,0.3,37.223,28.676
18,31.988,6.0,0.3333,37.295,29.855,32.090,6.0,0.325,40.300,29.303,31.981,6.0,0.325,37.825,29.572
19,31.296,6.0,0.35,35.357,29.855,32.160,6.0,0.35,39.406,28.691,32.282,6.0,0.3083,41.715,28.691
20,32.527,6.0,0.3333,41.532,29.855,31.763,6.0,0.3416,36.963,27.520,32.445,6.0,0.3083,40.920,28.222
21,31.915,6.0,0.3583,37.036,29.855,31.014,6.0,0.3333,32.556,26.447,31.118,6.0,0.3083,33.661,26.447
22,31.687,6.0,0.3083,34.995,29.855,31.661,6.0,0.3583,36.695,27.519,32.172,6.0,0.3166,46.102,28.309
23,31.577,6.0,0.3333,35.537,29.855,32.159,6.0,0.3333,38.167,28.081,31.851,6.0,0.325,36.024,29.227
24,31.932,6.0,0.3083,43.499,29.855,32.284,6.0,0.3333,42.124,26.852,31.568,6.0,0.325,35.146,28.994
25,31.887,6.0,0.3416,43.940,29.855,32.044,6.0,0.3333,37.369,29.706,32.112,6.0,0.35,42.320,29.706
26,31.559,6.0,0.325,35.029,29.855,32.076,6.0,0.3333,37.330,26.732,32.105,6.0,0.3583,37.868,27.798
27,31.134,6.0,0.3583,34.058,29.855,31.724,6.0,0.3416,39.735,26.667,32.759,6.0,0.3333,42.057,26.667
28,32.053,6.0,0.3416,33.755,29.855,31.147,6.0,0.3333,32.577,27.898,30.567,6.0,0.3583,32.556,27.898
29,32.622,6.0,0.325,42.548,29.855,31.752,6.0,0.3,39.215,28.290,31.845,6.0,0.325,41.629,29.585
30,31.972,6.0,0.3333,34.276,29.855,30.987,6.0,0.3083,32.556,26.673,31.063,6.0,0.3166,32.556,26.673
31,31.541,6.0,0.3583,33.109,29.855,31.449,6.0,0.3166,35.800,27.790,31.848,6.0,0.35,39.073,29.040
32,31.858,6.0,0.3583,39.308,29.855,31.861,6.0,0.35,38.554,28.298,31.544,6.0,0.3333,36.817,29.006
33,32.279,6.0,0.3,39.588,29.855,32.119,6.0,0.35,37.287,27.203,32.134,6.0,0.3083,38.106,27.686
34,31.899,6.0,0.3416,35.652,29.855,31.317,6.0,0.3166,37.186,27.022,31.380,6.0,0.35,34.202,28.507
35,31.804,6.0,0.3416,42.153,29.855,30.774,6.0,0.3416,32.556,28.956,31.891,6.0,0.2833,36.233,29.893
36,32.169,6.0,0.35,40.034,29.855,32.036,6.0,0.3333,41.895,29.064,31.821,6.0,0.3166,35.562,28.812
37,31.316,6.0,0.3333,32.556,29.855,31.160,6.0,0.325,33.844,29.799,30.988,6.0,0.3166,32.556,30.350
38,32.319,6.0,0.3583,37.976,29.855,31.715,6.0,0.3333,37.892,28.972,32.349,6.0,0.35,37.772,29.214
39,32.646,6.0,0.3166,38.497,29.855,32.266,6.0,0.3333,37.744,29.359,33.333,6.0,0.3333,41.961,29.940
40,31.680,6.0,0.3666,33.944,29.855,32.097,6.0,0.3583,38.603,26.639,31.355,6.0,0.3166,36.843,28.131
41,31.231,6.0,0.3416,33.722,29.855,31.784,6.0,0.3166,42.401,29.483,32.918,6.0,0.3,40.652,30.128
42,31.731,6.0,0.3416,35.668,29.855,31.624,6.0,0.35,37.832,27.791,31.310,6.0,0.3333,32.641,27.937
43,32.163,6.0,0.3166,38.240,29.855,31.388,6.0,0.325,33.048,27.445,31.885,6.0,0.3333,38.065,28.976
44,31.941,6.0,0.35,34.494,29.855,31.992,6.0,0.325,41.064,27.412,31.006,6.0,0.3333,32.556,27.436
45,32.122,6.0,0.3583,36.888,29.855,31.809,6.0,0.3,43.274,27.875,32.189,6.0,0.3333,41.466,27.852
46,32.443,6.0,0.3333,43.568,29.855,31.986,6.0,0.3333,41.320,27.512,32.011,6.0,0.35,35.612,28.674
47,31.788,6.0,0.325,34.238,29.855,31.773,6.0,0.3333,33.493,27.848,31.937,6.0,0.325,37.065,28.325
48,32.697,6.0,0.35,39.413,29.855,31.469,6.0,0.3333,35.494,26.749,31.874,6.0,0.325,38.452,26.973
49,32.147,6.0,0.3416,36.110,29.855,31.235,6.0,0.35,32.556,28.545,31.047,6.0,0.3166,32.556,28.570
50,31.694,6.0,0.3416,34.264,29.855,31.068,6.0,0.3333,32.664,28.303,31.972,6.0,0.3333,46.810,28.753
51,33.041,6.0,0.3416,42.832,29.855,31.832,6.0,0.35,33.697,26.558,31.664,6.0,0.325,32.769,27.461
52,32.000,6.0,0.35,36.238,29.855,31.340,6.0,0.3416,35.894,26.457,31.860,6.0,0.3333,35.792,27.378
53,32.311,6.0,0.35,38.888,29.855,32.336,6.0,0.325,38.149,29.167,32.519,6.0,0.3333,40.566,29.167
54,32.346,6.0,0.3333,36.073,29.855,31.593,6.0,0.325,35.026,27.649,31.924,6.0,0.3416,35.847,27.925
55,31.883,6.0,0.325,39.777,29.855,31.582,6.0,0.3416,37.949,28.128,31.901,6.0,0.325,40.379,28.879
56,31.267,6.0,0.3083,32.695,29.855,31.616,6.0,0.325,33.567,28.756,31.457,6.0,0.35,35.161,29.025
57,31.801,6.0,0.35,35.999,29.855,31.764,6.0,0.3416,34.902,27.474,31.641,6.0,0.325,38.748,29.307
58,31.929,6.0,0.3583,35.847,29.855,31.560,6.0,0.3333,37.512,26.672,31.470,6.0,0.3416,40.673,28.748
59,33.054,6.0,0.3416,43.415,29.855,31.408,6.0,0.3333,32.556,28.338,32.066,6.0,0.3333,37.918,28.338
60,32.382,6.0,0.3333,36.357,29.855,31.119,6.0,0.3416,34.872,26.641,31.508,6.0,0.3333,43.219,26.909
61,31.860,6.0,0.3,40.985,29.855,31.050,6.0,0.3416,32.787,26.974,30.985,6.0,0.3333,32.556,27.878
62,32.531,6.0,0.375,37.086,29.855,31.396,6.0,0.325,33.220,29.102,31.321,6.0,0.3333,35.409,29.166
63,31.780,6.0,0.3,40.861,29.855,31.823,6.0,0.3166,38.204,27.059,32.084,6.0,0.3333,37.188,28.550
64,32.149,6.0,0.325,38.913,29.855,32.372,6.0,0.3416,42.483,29.805,32.282,6.0,0.325,36.146,29.378
65,31.684,6.0,0.35,35.066,29.855,31.386,6.0,0.3333,38.209,28.299,32.257,6.0,0.3083,40.422,28.417
66,31.506,6.0,0.325,33.200,29.855,31.486,6.0,0.3333,32.556,28.958,31.242,6.0,0.325,32.556,29.050
67,31.596,6.0,0.3083,33.144,29.855,31.290,6.0,0.3166,34.449,28.102,31.554,6.0,0.325,38.689,29.586
68,31.800,6.0,0.3333,35.440,29.855,31.726,6.0,0.3083,38.167,28.088,31.660,6.0,0.3333,34.396,28.152
69,32.025,6.0,0.3583,37.009,29.855,31.571,6.0,0.325,35.124,27.315,31.350,6.0,0.325,33.352,28.485
70,31.459,6.0,0.3916,33.983,29.855,31.068,6.0,0.325,32.556,27.334,31.478,6.0,0.3416,34.600,28.262
71,31.198,6.0,0.3166,34.157,29.855,31.279,6.0,0.3083,33.930,28.369,31.379,6.0,0.3166,35.024,28.426
72,32.174,6.0,0.3416,37.482,29.855,32.588,6.0,0.3166,38.836,27.593,31.574,6.0,0.35,35.229,29.529
73,32.000,6.0,0.35,36.281,29.855,31.687,6.0,0.3416,37.994,28.946,31.749,6.0,0.35,39.158,28.695
74,31.803,6.0,0.325,37.005,29.855,31.834,6.0,0.3166,38.359,29.076,31.833,6.0,0.3166,36.869,29.076
75,31.672,6.0,0.35,36.123,29.855,31.831,6.0,0.325,36.650,28.187,31.214,6.0,0.3083,34.530,30.156
76,32.118,6.0,0.3166,39.044,29.855,31.486,6.0,0.325,35.925,29.736,32.088,6.0,0.3083,38.400,30.612
77,32.029,6.0,0.3583,38.430,29.855,32.648,6.0,0.325,43.231,28.417,32.421,6.0,0.325,45.347,29.788
78,32.318,6.0,0.3083,37.484,29.855,31.980,6.0,0.3416,40.039,28.636,31.649,6.0,0.3583,33.038,28.636
79,31.704,6.0,0.3583,36.940,29.855,31.543,6.0,0.3583,40.129,26.798,31.648,6.0,0.3333,37.887,27.856
80,31.604,6.0,0.3416,37.679,29.855,32.116,6.0,0.3583,38.723,29.051,32.093,6.0,0.3666,38.723,29.326
81,31.444,6.0,0.3416,35.136,29.855,31.752,6.0,0.3416,36.033,28.266,31.536,6.0,0.3583,35.102,28.847
82,31.421,6.0,0.3166,36.277,29.855,31.702,6.0,0.325,37.430,28.397,31.378,6.0,0.35,33.501,29.098
83,31.995,6.0,0.3583,35.637,29.855,32.618,6.0,0.2916,41.965,28.215,31.331,6.0,0.3416,36.555,29.092
84,31.405,6.0,0.3333,34.302,29.855,31.642,6.0,0.3416,37.209,28.269,31.339,6.0,0.3166,37.301,28.599
85,32.854,6.0,0.3583,41.928,29.855,32.030,6.0,0.325,38.745,28.211,31.787,6.0,0.3,38.155,28.147
86,31.522,6.0,0.3166,37.729,29.855,31.641,6.0,0.325,37.493,28.769,31.391,6.0,0.325,37.725,28.769
87,32.051,6.0,0.2916,40.335,29.855,31.766,6.0,0.35,37.821,27.597,31.548,6.0,0.3333,36.276,29.355
88,32.773,6.0,0.35,42.446,29.855,31.968,6.0,0.325,39.263,28.477,32.021,6.0,0.3083,39.125,28.753
89,31.858,6.0,0.325,34.956,29.855,31.911,6.0,0.3333,39.646,27.182,32.201,6.0,0.325,42.919,28.118
90,31.486,6.0,0.3333,36.332,29.855,31.864,6.0,0.325,33.564,28.792,32.249,6.0,0.325,36.993,28.759
91,31.852,6.0,0.35,36.395,29.855,31.492,6.0,0.3333,36.679,28.243,31.265,6.0,0.3166,33.566,28.243
92,31.503,6.0,0.3333,34.007,29.855,31.331,6.0,0.3083,34.382,28.314,31.494,6.0,0.3666,32.839,30.180
93,31.384,6.0,0.3416,34.739,29.855,31.705,6.0,0.3666,33.829,29.709,31.042,6.0,0.3166,32.556,29.558
94,31.478,6.0,0.35,33.281,29.855,32.484,6.0,0.3333,39.526,28.530,32.635,6.0,0.35,37.434,29.379
95,32.262,6.0,0.3166,44.931,29.855,31.646,6.0,0.325,35.655,28.981,31.893,6.0,0.3666,43.017,29.169
96,32.295,6.0,0.3666,37.581,29.855,32.828,6.0,0.3416,39.303,26.810,32.220,6.0,0.3666,34.700,27.463
97,32.055,6.0,0.3583,35.137,29.855,31.946,6.0,0.35,41.089,27.709,31.546,6.0,0.3166,36.016,27.773
98,33.069,6.0,0.3416,42.994,29.855,31.523,6.0,0.3333,32.556,28.579,31.555,6.0,0.3333,35.161,30.135
99,31.481,6.0,0.3333,36.912,29.855,32.161,6.0,0.3416,41.120,27.786,32.645,6.0,0.3666,40.066,28.441
100,31.796,6.0,0.3333,42.218,29.855,30.898,6.0,0.3416,32.556,27.384,30.859,6.0,0.3416,32.556,27.384
101,31.384,6.0,0.3583,32.556,29.855,31.615,6.0,0.325,34.235,27.978,31.869,6.0,0.325,35.368,29.044
102,31.850,6.0,0.3583,36.253,29.855,31.309,6.0,0.3083,32.669,28.173,31.694,6.0,0.3416,36.665,29.345
103,32.138,6.0,0.325,35.069,29.855,31.123,6.0,0.325,32.556,28.110,31.845,6.0,0.3416,38.258,27.923
104,32.267,6.0,0.3166,40.482,29.855,31.255,6.0,0.3333,32.556,27.317,31.044,6.0,0.3416,33.284,27.223
105,31.629,6.0,0.3583,34.384,29.855,32.005,6.0,0.3416,37.301,28.738,31.694,6.0,0.3666,33.473,28.965
106,31.667,6.0,0.3333,34.363,29.855,32.672,6.0,0.3416,40.097,26.914,32.501,6.0,0.3333,39.315,28.460
107,31.783,6.0,0.3166,40.487,29.855,32.129,6.0,0.35,40.974,29.122,32.293,6.0,0.325,38.693,28.925
108,32.350,6.0,0.375,40.183,29.855,32.056,6.0,0.3333,38.321,28.882,31.747,6.0,0.3666,34.528,29.258
109,31.708,6.0,0.325,36.407,29.855,32.490,6.0,0.35,36.548,26.813,32.334,6.0,0.325,41.177,27.100
110,32.451,6.0,0.3333,40.307,29.855,32.057,6.0,0.35,35.769,29.584,32.172,6.0,0.35,39.827,29.584
111,31.951,6.0,0.325,36.822,29.855,32.267,6.0,0.35,36.330,30.153,32.591,6.0,0.35,40.665,29.299
112,32.814,6.0,0.35,41.554,29.855,31.711,6.0,0.3166,36.975,27.769,31.460,6.0,0.35,36.494,28.673
113,31.918,6.0,0.3333,41.087,29.855,31.343,6.0,0.325,35.083,27.763,32.162,6.0,0.325,40.322,28.456
114,31.990,6.0,0.3333,34.370,29.855,32.137,6.0,0.3333,41.282,27.048,31.267,6.0,0.35,32.556,27.717
115,31.735,6.0,0.3666,35.074,29.855,31.015,6.0,0.3333,32.556,28.793,31.135,6.0,0.3416,32.556,28.269
116,31.734,6.0,0.3416,37.696,29.855,31.734,6.0,0.3333,35.516,27.351,32.728,6.0,0.35,43.623,28.612
117,32.318,6.0,0.35,40.206,29.855,31.302,6.0,0.3166,34.653,27.666,30.973,6.0,0.3333,32.556,29.101
118,31.468,6.0,0.325,34.123,29.855,31.865,6.0,0.3083,36.612,26.455,32.208,6.0,0.325,39.476,26.519
119,32.128,6.0,0.35,35.033,29.855,31.584,6.0,0.35,36.292,28.928,31.278,6.0,0.3416,34.990,29.204
120,31.891,6.0,0.325,37.313,29.855,32.222,6.0,0.3416,39.990,28.068,32.565,6.0,0.35,46.955,28.670
121,32.088,6.0,0.3416,35.721,29.855,31.125,6.0,0.3166,32.697,27.796,30.966,6.0,0.3416,32.556,28.377
122,32.105,6.0,0.325,34.542,29.855,31.347,6.0,0.3083,33.808,28.381,31.340,6.0,0.35,32.556,28.381
123,31.971,6.0,0.325,37.759,29.855,32.560,6.0,0.35,40.944,31.268,32.295,6.0,0.35,39.953,31.136
124,31.719,6.0,0.325,37.792,29.855,32.559,6.0,0.325,39.793,28.049,31.657,6.0,0.3416,34.537,29.991
125,31.454,6.0,0.3166,37.695,29.855,31.809,6.0,0.3583,36.712,28.147,32.145,6.0,0.3333,37.484,29.308
126,32.200,6.0,0.325,40.039,29.855,31.446,6.0,0.3166,34.709,27.205,31.961,6.0,0.35,39.728,28.584
127,31.941,6.0,0.3666,36.058,29.855,32.050,6.0,0.3416,35.416,28.420,31.587,6.0,0.3416,35.748,28.566
128,31.910,6.0,0.3583,35.738,29.855,30.806,6.0,0.3416,32.556,25.183,31.084,6.0,0.325,32.556,27.162
129,31.326,6.0,0.3333,32.888,29.855,31.321,6.0,0.325,34.320,28.426,31.541,6.0,0.3333,37.347,29.348
130,31.513,6.0,0.3416,35.716,29.855,32.355,6.0,0.325,38.898,28.576,31.913,6.0,0.3583,38.459,28.576
131,31.746,6.0,0.3583,36.430,29.855,32.180,6.0,0.3166,37.958,27.791,31.943,6.0,0.35,37.785,28.460
132,32.044,6.0,0.325,35.598,29.855,32.404,6.0,0.3083,40.974,30.340,32.564,6.0,0.3583,38.090,30.340
133,31.170,6.0,0.3333,32.556,29.855,33.005,6.0,0.3333,41.283,25.365,32.351,6.0,0.3416,35.662,28.282
134,33.062,6.0,0.3083,42.868,29.855,31.013,6.0,0.325,32.556,28.518,31.744,6.0,0.3166,34.170,29.091
135,31.967,6.0,0.3083,36.718,29.855,31.579,6.0,0.3166,37.307,28.302,31.946,6.0,0.3,39.432,27.776
136,32.336,6.0,0.3416,41.651,29.855,32.037,6.0,0.3166,34.929,28.304,31.385,6.0,0.3583,33.831,28.948
137,32.256,6.0,0.3,36.967,29.855,31.240,6.0,0.3166,35.551,28.560,31.167,6.0,0.35,34.523,28.560
138,32.295,6.0,0.35,38.903,29.855,32.355,6.0,0.3416,38.898,27.819,32.434,6.0,0.3166,38.459,28.400
139,32.354,6.0,0.3416,38.679,29.855,31.396,6.0,0.3,33.387,29.305,31.228,6.0,0.3416,32.556,29.369
140,32.129,6.0,0.35,39.210,29.855,31.326,6.0,0.3666,35.271,27.865,31.311,6.0,0.325,33.162,29.203
141,32.327,6.0,0.3333,39.914,29.855,31.474,6.0,0.3416,33.693,29.355,31.833,6.0,0.3333,41.077,29.258
142,32.329,6.0,0.375,37.120,29.855,31.614,6.0,0.35,39.786,28.364,31.911,6.0,0.3666,39.338,29.542
143,32.610,6.0,0.3333,40.103,29.855,31.744,6.0,0.3333,36.156,27.135,31.737,6.0,0.3166,33.994,27.135
144,31.162,6.0,0.3083,32.556,29.855,31.563,6.0,0.3166,38.214,27.845,32.000,6.0,0.35,35.320,28.178
145,31.829,6.0,0.3166,34.645,29.855,31.782,6.0,0.3083,37.245,29.356,31.368,6.0,0.3166,34.832,30.100
146,31.803,6.0,0.3583,34.389,29.855,31.695,6.0,0.275,37.504,27.610,31.645,6.0,0.3083,33.264,27.183
147,32.037,6.0,0.325,38.966,29.855,32.163,6.0,0.3333,39.157,26.757,31.283,6.0,0.3583,32.556,27.459
148,31.940,6.0,0.325,36.565,29.855,32.109,6.0,0.3333,38.064,28.024,31.258,6.0,0.3416,32.785,28.731
149,31.272,6.0,0.35,35.043,29.855,32.133,6.0,0.3916,37.630,29.787,32.161,6.0,0.3,39.001,29.787
150,32.075,6.0,0.35,40.808,29.855,32.706,6.0,0.35,39.845,28.165,32.768,6.0,0.3583,39.128,28.649
151,32.690,6.0,0.3416,38.079,29.855,31.206,6.0,0.3166,34.068,28.710,31.597,6.0,0.3416,35.303,28.335
152,32.451,6.0,0.3416,43.230,29.855,31.668,6.0,0.35,35.082,28.317,31.767,6.0,0.3416,37.908,29.809
153,31.872,6.0,0.325,36.802,29.855,32.549,6.0,0.325,41.796,28.453,32.933,6.0,0.325,41.017,28.256
154,31.964,6.0,0.3333,36.756,29.855,31.849,6.0,0.3166,39.239,28.498,31.735,6.0,0.3333,36.316,28.861
155,31.928,6.0,0.325,41.355,29.855,32.269,6.0,0.3416,37.834,28.320,31.376,6.0,0.35,34.323,28.965
156,32.756,6.0,0.35,45.106,29.855,31.547,6.0,0.3416,36.311,28.566,30.980,6.0,0.3416,32.556,29.050
157,32.022,6.0,0.3333,36.802,29.855,31.386,6.0,0.3333,32.556,27.156,31.075,6.0,0.3333,32.556,27.156
158,30.993,6.0,0.3333,32.556,29.855,30.966,6.0,0.325,32.556,26.569,31.097,6.0,0.3083,32.594,27.446
159,31.738,6.0,0.3083,35.089,29.855,31.559,6.0,0.3333,39.762,29.811,31.310,6.0,0.3,32.556,29.615
160,31.245,6.0,0.3416,33.660,29.855,31.143,6.0,0.35,36.502,28.830,31.732,6.0,0.3083,38.175,29.609
161,32.229,6.0,0.3166,38.652,29.855,32.256,6.0,0.325,36.943,28.507,31.162,6.0,0.3166,32.556,29.209
162,31.898,6.0,0.35,34.907,29.855,31.535,6.0,0.3166,34.589,27.794,31.862,6.0,0.3416,36.337,27.360
163,31.658,6.0,0.35,37.083,29.855,31.925,6.0,0.3333,37.988,28.351,31.376,6.0,0.325,35.201,28.351
164,32.023,6.0,0.3416,36.532,29.855,31.710,6.0,0.325,38.173,26.531,31.775,6.0,0.3,38.742,27.042
165,32.056,6.0,0.3166,38.830,29.855,31.831,6.0,0.35,33.916,28.210,31.931,6.0,0.3333,36.704,27.566
166,31.938,6.0,0.3083,43.392,29.855,32.386,6.0,0.325,36.155,28.391,31.867,6.0,0.3416,35.528,29.036
167,31.273,6.0,0.3,36.261,29.855,31.801,6.0,0.3416,34.423,29.317,31.452,6.0,0.3166,34.013,29.317
168,32.011,6.0,0.3583,38.914,29.855,32.254,6.0,0.35,38.785,27.378,32.039,6.0,0.35,36.832,28.354
169,32.000,6.0,0.3166,35.436,29.855,32.438,6.0,0.325,40.948,26.700,31.844,6.0,0.3333,34.828,28.393
170,32.079,6.0,0.35,39.357,29.855,32.495,6.0,0.3416,39.633,28.422,32.763,6.0,0.3416,38.041,28.325
171,31.813,6.0,0.3166,43.185,29.855,31.612,6.0,0.325,33.922,27.938,31.707,6.0,0.3583,33.627,29.004
172,31.917,6.0,0.3333,39.110,29.855,31.612,6.0,0.3333,36.590,25.926,31.875,6.0,0.3333,33.948,26.717
173,32.231,6.0,0.3083,39.262,29.855,31.194,6.0,0.3416,35.951,26.340,31.450,6.0,0.3333,34.022,27.406
174,32.013,6.0,0.3333,38.951,29.855,31.126,6.0,0.3166,32.556,27.954,31.509,6.0,0.3416,36.567,28.922
175,31.874,6.0,0.3333,41.214,29.855,32.576,6.0,0.3416,38.456,27.487,32.993,6.0,0.3083,40.883,27.487
176,32.033,6.0,0.3,38.644,29.855,31.529,6.0,0.325,36.964,28.752,31.425,6.0,0.3333,32.956,29.027
177,32.079,6.0,0.3333,39.075,29.855,31.657,6.0,0.3416,33.996,26.056,32.002,6.0,0.375,35.551,28.025
178,31.817,6.0,0.3583,35.415,29.855,31.068,6.0,0.35,33.381,28.506,32.205,6.0,0.3333,40.288,28.059
179,32.195,6.0,0.3333,38.978,29.855,32.948,6.0,0.3333,43.999,27.206,33.546,6.0,0.3083,41.182,27.743
180,32.689,6.0,0.3166,40.231,29.855,32.001,6.0,0.3583,38.495,27.317,31.007,6.0,0.3083,32.556,28.808
181,31.598,6.0,0.3583,35.077,29.855,31.857,6.0,0.3333,41.156,27.953,32.159,6.0,0.3666,40.567,28.857
182,31.747,6.0,0.325,39.386,29.855,31.445,6.0,0.3583,32.556,27.065,31.299,6.0,0.3333,32.556,29.874
183,32.248,6.0,0.35,36.487,29.855,31.368,6.0,0.325,34.269,26.831,31.213,6.0,0.3166,32.556,27.621
184,32.371,6.0,0.35,39.569,29.855,31.485,6.0,0.3166,38.006,26.064,31.717,6.0,0.3666,35.248,28.546
185,31.719,6.0,0.3333,35.126,29.855,31.499,6.0,0.35,35.500,28.262,31.930,6.0,0.3333,39.300,29.899
186,32.159,6.0,0.3083,40.520,29.855,31.501,6.0,0.3583,36.138,26.052,32.102,6.0,0.325,44.273,27.076
187,31.857,6.0,0.3416,33.685,29.855,31.008,6.0,0.3083,32.556,30.366,31.307,6.0,0.3166,34.626,31.073
188,31.794,6.0,0.3416,34.920,29.855,31.698,6.0,0.3166,34.229,27.224,32.005,6.0,0.3,39.263,27.492
189,31.696,6.0,0.325,34.244,29.855,31.637,6.0,0.3083,34.991,27.652,31.300,6.0,0.3333,32.587,27.716
190,32.324,6.0,0.3333,39.953,29.855,31.720,6.0,0.325,35.852,26.866,31.894,6.0,0.3583,34.678,27.260
191,31.795,6.0,0.3166,36.586,29.855,31.715,6.0,0.3583,39.231,29.705,31.802,6.0,0.3333,38.851,30.181
192,31.332,6.0,0.3166,34.165,29.855,31.234,6.0,0.3333,34.480,30.708,31.104,6.0,0.35,32.556,31.357
193,32.047,6.0,0.3333,35.010,29.855,32.789,6.0,0.3083,42.894,28.787,31.897,6.0,0.35,37.078,28.851
194,31.973,6.0,0.3333,44.545,29.855,31.044,6.0,0.35,32.556,27.664,30.873,6.0,0.3583,32.556,28.740
195,31.794,6.0,0.3333,35.026,29.855,31.376,6.0,0.3083,33.930,28.549,31.774,6.0,0.35,35.010,28.889
196,31.669,6.0,0.3333,33.354,29.855,32.491,6.0,0.3583,42.173,28.811,32.663,6.0,0.3333,42.234,29.990
197,31.181,6.0,0.3166,32.556,29.855,32.466,6.0,0.35,39.619,27.756,32.756,6.0,0.3333,40.095,27.998
198,32.243,6.0,0.3583,42.022,29.855,30.952,6.0,0.3333,32.556,29.356,30.947,6.0,0.325,32.556,29.356
199,32.479,6.0,0.325,39.930,29.855,32.060,6.0,0.325,43.077,27.907,31.537,6.0,0.35,36.244,27.907
200,32.234,6.0,0.3333,40.093,29.855,31.401,6.0,0.3416,32.953,27.688,31.505,6.0,0.325,35.927,28.381
